13 41 794 1507 813 1482 829 1438 837 1401 867 1360 900 1321 949 1296 988 1272 1027 1247 1073 1205 1095 1170 1133 1119
1 2 559 194 468 206 402 216 346 241 298 269 294 300 361 357  
194 196 4609 1953 4634 1979 4658 1998 4671 2024 4672 2056 4682 2076 4728 2080 4773 2087 4807 2078 4840 2038 4872 2021
1 4 559 194 554 247 542 301 532 355 529 388 558 429 
2 4 356 354 384 354 432 372 486 398 551 420 
1 3 559 194 612 229 653 259 699 294 734 313 793 335 
3 4 792 331 716 361 658 400 606 419 551 419 
2 5 357 354 375 408 402 455 415 492 437 545 432 622 
4 6 551 419 608 447 648 476 679 516 711 590 
5 6 431 614 491 621 549 609 620 611 656 604 708 588 
5 7 430 611 369 652 335 685 307 730 296 770 301 831 329 907 
5 8 433 612 484 634 468 677 458 715 465 754 479 793 535 842 
7 8 325 896 362 893 407 888 462 867 527 835 
8 10 528 835 567 877 590 920 645 966 689 985 719 1011 
7 11 325 895 340 940 372 973 408 989 453 1028 502 1079 533 1139 569 1209 
11 12 567 1202 483 1228 438 1251 394 1295 409 1355 451 1393 522 1440 
11 14 566 1202 494 1226 435 1256 387 1303 361 1376 368 1450 400 1505 445 1549 485 1592 508 1626 541 1633 
12 14 514 1434 544 1476 553 1526 550 1577 532 1631 
14 15 530 1631 559 1645 600 1670 636 1677 694 1684 741 1683 795 1696 
15 18 789 1695 820 1723 831 1772 828 1816 856 1880 879 1904 908 1916 
18 48 901 1911 932 1874 960 1828 1008 1755 
48 50 1003 1761 1054 1766 1095 1783 1144 1796 1197 1801 1256 1803 
49 50 1262 1552 1306 1588 1318 1639 1324 1697 1309 1763 1251 1802 
49 52 1262 1551 1316 1556 1396 1560 1464 1564 1527 1578 1607 1602 
52 53 1598 1599 1661 1580 1736 1593 1804 1625 1863 1677 1854 1707 1833 1735 
97 98 2464 1657 2533 1641 2550 1611 2597 1592 2660 1570 2719 1544 2776 1484 
98 135 2777 1491 2816 1513 2834 1547 2875 1568 2931 1583 2986 1594 3042 1605 
98 134 2772 1490 2830 1476 2882 1456 2949 1454 3001 1456 3039 1466 3085 1468 3115 1462 3152 1449 
95 96 2912 1172 2858 1188 2825 1218 2785 1235 2752 1242 2697 1251 
94 95 2785 1022 2818 1053 2827 1085 2848 1117 2879 1140 2910 1172 
92 124 2815 839 2857 823 2901 819 2945 812 3001 792 3067 768 
91 124 2900 690 2940 703 2986 726 3006 742 3027 756 3062 770 
81 119 2854 198 2930 224 2999 244 3041 255 3109 259 3190 247 
81 82 2857 201 2883 224 2918 258 2930 283 2935 313 
6 9 708 582 747 615 770 649 779 704 767 730 746 775 
9 10 748 765 763 819 746 860 728 898 713 934 705 976 711 1004 
10 11 713 1004 671 1040 642 1054 611 1081 585 1127 579 1161 564 1203 
10 13 712 1005 780 1051 814 1120 838 1219 834 1311 823 1407 790 1518 
11 13 567 1202 642 1226 710 1260 767 1295 799 1336 810 1399 792 1507 
12 13 515 1435 566 1459 619 1468 658 1473 701 1502 743 1511 792 1507 
15 48 792 1696 819 1687 860 1686 914 1701 951 1727 984 1743 1005 1760 
47 48 1038 1585 1030 1615 1040 1646 1038 1681 1036 1715 1019 1732 1003 1760 
47 50 1038 1585 1103 1602 1170 1636 1210 1676 1261 1747 1254 1799 
49 51 1261 1551 1302 1540 1341 1529 1374 1509 1396 1489 1439 1457 
51 52 1432 1460 1478 1473 1528 1489 1567 1523 1596 1564 1600 1598 
46 49 1236 1283 1194 1313 1177 1338 1168 1383 1164 1433 1171 1479 1194 1522 1234 1537 1262 1551 
46 51 1234 1282 1311 1282 1371 1292 1428 1310 1478 1344 1494 1386 1466 1435 1433 1460 
41 46 1127 1125 1116 1168 1113 1200 1130 1234 1163 1266 1206 1275 1235 1283 
41 42 1127 1125 1162 1093 1201 1061 1231 1034 1274 1009 1315 993 1387 974 
31 32 1129 159 1090 202 1057 237 1036 269 1045 307 1042 352 1036 388 1059 428 1121 451 
31 33 1128 159 1182 190 1199 219 1241 235 1278 259 1299 299 1324 345 
32 33 1111 447 1165 443 1218 426 1258 395 1285 363 1320 335 
32 34 1112 447 1186 461 1233 480 1272 486 1315 500 1368 519 1409 548 1453 596 
32 39 1112 447 1162 483 1211 513 1242 559 1234 601 1214 621 1177 654 1145 686 1130 709 1130 744 1152 779 
39 41 1147 771 1132 816 1132 859 1142 898 1154 942 1166 999 1162 1045 1141 1079 1126 1125 
33 36 1319 334 1367 344 1436 347 1493 359 1546 372 1606 393 
35 36 1682 209 1629 207 1594 212 1562 241 1554 274 1556 318 1559 343 1579 369 1598 389 
36 38 1599 390 1635 417 1665 463 1687 513 1705 567 1713 611 
34 38 1446 588 1494 586 1546 599 1585 610 1622 615 1665 610 1711 602 
34 40 1446 588 1455 644 1459 689 1478 737 1499 776 1503 810 
40 42 1500 800 1473 840 1454 878 1433 910 1403 932 1392 952 1377 976 
42 44 1382 968 1396 1010 1415 1040 1444 1078 1482 1097 1509 1110 
42 43 1381 969 1439 969 1481 980 1532 985 1586 981 1629 982 
43 44 1624 981 1628 1016 1608 1055 1561 1093 1499 1105 
40 43 1502 799 1527 822 1556 863 1580 893 1606 941 1624 980 
43 45 1623 980 1668 977 1717 966 1772 939 1811 913 
35 37 1681 207 1725 239 1789 287 1858 327 1889 356 1872 389 1867 404 
36 37 1601 391 1636 392 1677 409 1730 418 1772 420 1824 414 1871 394 
37 38 1863 398 1839 439 1823 488 1787 540 1740 570 1712 599 
34 45 1446 589 1507 615 1530 649 1587 705 1666 796 1751 875 1805 894 1805 917 
45 85 1805 909 1852 955 1877 1005 1917 1080 1951 1133 1984 1150 2013 1144 
45 84 1806 910 1863 916 1917 937 1979 956 2050 985 2100 1005 
84 85 2091 1001 2112 1044 2093 1085 2046 1128 2004 1144 
83 84 2054 822 2090 834 2100 867 2126 917 2148 961 2117 995 2092 1001 
45 83 1806 910 1845 895 1889 899 1936 894 1994 868 2022 841 2054 823 
37 78 1862 398 1943 428 1992 460 2038 518 2090 574 
78 83 2083 567 2057 614 2040 666 2033 722 2047 774 2055 822 
78 86 2084 566 2146 577 2185 594 2232 603 2276 622 2321 641 2354 629 2357 608 
78 87 2083 566 2117 610 2140 640 2191 671 2250 700 2313 738 
77 86 2342 376 2377 408 2406 454 2419 511 2419 567 2390 593 2356 612 
76 77 2314 198 2281 217 2281 265 2313 327 2342 376 
76 79 2314 195 2375 194 2433 190 2482 207 2572 224 
79 80 2561 222 2589 263 2621 312 2643 386 2638 445 
77 79 2340 376 2380 353 2397 325 2409 296 2446 268 2495 248 2533 237 2563 222 
79 81 2561 223 2588 208 2639 192 2680 197 2726 199 2779 190 2814 190 2856 200 
80 81 2638 436 2682 403 2739 357 2761 317 2800 266 2825 228 2846 198 
86 88 2362 607 2391 607 2424 600 2457 590 2488 608 2521 629 2559 631 2589 649 
80 88 2638 434 2615 496 2604 529 2610 585 2607 629 2588 644 
87 89 2306 732 2349 754 2386 771 2441 783 2486 790 2545 824 
87 90 2306 733 2318 771 2325 813 2325 855 2356 909 2401 957 2454 978 
89 90 2536 820 2509 862 2487 900 2461 925 2447 957 2445 973 
89 92 2536 820 2579 823 2627 834 2688 836 2732 849 2772 847 2816 838 
88 92 2584 643 2630 656 2680 678 2730 710 2748 738 2792 780 2818 809 2816 837 
90 92 2445 974 2500 969 2566 969 2632 955 2707 925 2751 896 2783 870 2816 838 
90 93 2445 973 2460 1001 2502 1031 2540 1070 2597 1109 
93 94 2590 1103 2638 1088 2693 1083 2742 1052 2786 1023 
93 96 2589 1104 2591 1146 2621 1187 2655 1235 2697 1257 
93 95 2590 1103 2636 1125 2690 1146 2770 1167 2836 1166 2909 1172 
217 218 5286 526 5365 552 5436 547 5496 519 5546 485 5574 454 5607 412 5671 356 
119 120 3193 245 3237 260 3270 269 3308 268 3337 268 3366 268 3393 281 3444 260 
120 123 3453 256 3458 303 3487 331 3555 362 3586 380 3630 393 3653 408 3710 418 
121 123 3368 540 3420 518 3448 501 3529 464 3602 440 3672 429 3722 416 
121 125 3368 538 3347 586 3335 614 3316 672 3303 726 
124 125 3061 765 3108 786 3160 778 3215 765 3261 748 3301 726 
124 126 3067 766 3083 785 3107 810 3138 828 3170 854 3191 879 3224 912 
126 127 3223 906 3208 931 3187 960 3177 1001 3169 1041 3168 1073 3179 1102 
95 127 2909 1168 2967 1193 3009 1198 3073 1195 3121 1182 3153 1158 3168 1135 3179 1107 
95 133 2910 1169 2968 1193 3036 1215 3074 1223 3132 1241 3193 1272 3244 1300 3307 1333 
133 134 3304 1333 3312 1371 3305 1400 3278 1433 3241 1444 3207 1448 3148 1445 
133 137 3304 1331 3324 1347 3343 1368 3366 1390 3403 1410 3442 1428 3494 1442 3536 1443 3574 1460 
137 138 3577 1455 3614 1479 3641 1501 3661 1537 3656 1573 3628 1603 3581 1633 3541 1635 3489 1630 
135 138 3046 1597 3097 1641 3134 1649 3194 1642 3250 1635 3324 1636 3403 1609 
105 135 2963 1826 3046 1787 3069 1745 3078 1707 3070 1655 3042 1604 
138 143 3404 1608 3455 1650 3514 1667 3560 1686 3625 1724 
183 191 4378 1625 4362 1638 4332 1671 4279 1730 4264 1794 4305 1820 
183 186 4371 1628 4404 1622 4440 1670 4490 1689 4516 1711 4556 1735 
186 189 4554 1730 4584 1751 4617 1785 4664 1809 4717 1809 4792 1795 4831 1791 4898 1784 
189 225 4897 1781 4905 1751 4955 1738 5011 1717 5063 1708 5108 1683 5144 1664 
225 235 5146 1660 5161 1671 5189 1703 5208 1745 5215 1794 5232 1833 5268 1851 5304 1860 5340 1864 
231 235 5540 1759 5507 1785 5463 1817 5406 1852 5358 1861 
225 231 5153 1653 5220 1653 5269 1654 5339 1671 5393 1701 5441 1737 5494 1750 5540 1757 
230 231 5477 1566 5542 1600 5593 1623 5610 1648 5594 1690 5570 1729 5546 1760 
225 227 5156 1648 5210 1646 5267 1622 5319 1593 5333 1558 5325 1501 5293 1467 5273 1438 
227 230 5275 1441 5316 1480 5356 1493 5414 1526 5446 1572 5479 1566 
224 227 5095 1337 5106 1383 5138 1414 5187 1443 5232 1450 5264 1442 
224 226 5098 1338 5130 1327 5169 1322 5203 1306 5237 1285 5270 1239 
226 229 5280 1239 5323 1260 5353 1301 5398 1342 5456 1371 5509 1392 5535 1406 
228 229 5557 1222 5497 1252 5455 1275 5436 1312 5442 1346 5477 1374 5533 1401 
226 228 5291 1242 5358 1258 5396 1265 5448 1265 5487 1253 5547 1225 
177 226 4971 1066 5035 1135 5113 1172 5179 1186 5239 1206 5275 1234 
177 187 4974 1070 4968 1124 4969 1167 4940 1199 4895 1228 4836 1231 
175 187 4606 1145 4651 1171 4705 1190 4760 1219 4793 1228 4826 1231 
175 180 4600 1144 4534 1169 4484 1172 4442 1195 4419 1216 4394 1232 
180 184 4396 1228 4414 1264 4447 1297 4486 1323 4526 1342 4563 1353 4593 1358 
175 184 4605 1146 4606 1175 4616 1218 4619 1277 4607 1324 4594 1353 
181 184 4312 1450 4361 1449 4383 1439 4397 1413 4405 1386 4430 1351 4465 1334 4499 1333 4528 1345 4565 1372 4585 1357 
181 182 4321 1446 4318 1470 4317 1502 4304 1532 4289 1544 4246 1555 4222 1581 4190 1607 
182 183 4196 1602 4201 1631 4230 1643 4281 1643 4346 1635 4368 1625 
181 183 4322 1448 4335 1477 4349 1503 4364 1540 4381 1580 4383 1605 4369 1625 
183 185 4369 1623 4407 1592 4448 1570 4482 1558 4534 1555 4573 1541 4579 1529 
185 188 4578 1528 4625 1532 4668 1536 4720 1532 4753 1517 4780 1475 4800 1455 
184 188 4587 1356 4657 1396 4686 1408 4728 1441 4759 1457 4792 1457 
188 224 4800 1476 4869 1507 4902 1516 4959 1496 4993 1446 4998 1393 5013 1355 5043 1330 
177 219 4974 1067 4998 1037 5031 1009 5072 979 5118 952 5173 929 5190 900 
176 219 4911 828 4974 835 5032 846 5094 873 5132 901 5182 904 
174 176 4651 927 4717 900 4764 875 4813 857 4870 843 4920 825 
174 177 4654 921 4679 952 4716 963 4769 976 4813 992 4855 1013 4890 1036 4915 1065 4973 1068 
219 223 5186 902 5200 929 5234 949 5269 960 5313 980 5360 1001 5399 1028 5460 1033 
222 223 5655 897 5607 927 5557 948 5509 977 5482 1007 5460 1029 
221 222 5407 860 5458 890 5511 906 5549 907 5595 905 5648 899 
219 221 5191 895 5236 898 5278 885 5322 874 5361 870 5412 862 
220 221 5425 677 5408 699 5384 737 5300 775 5291 801 5299 831 5322 851 5368 856 5407 858 
217 220 5299 523 5310 561 5334 586 5361 610 5381 659 5385 678 5422 678 
214 217 5017 581 5099 589 5137 570 5190 556 5227 556 5258 553 5297 525 
168 214 4900 419 4912 474 4913 523 4928 577 4975 596 5026 577 
168 213 4903 426 4965 412 5014 377 5055 318 5111 308 
213 215 5111 310 5156 293 5184 268 5206 229 5223 196 5250 171 
213 216 5109 308 5159 319 5210 319 5249 331 5294 342 5368 336 
215 216 5247 176 5250 215 5247 254 5260 298 5291 330 5358 334 
216 217 5356 331 5369 395 5370 466 5344 509 5301 521 
216 218 5360 331 5411 371 5451 377 5588 374 5622 383 5662 356 
166 213 4755 241 4801 251 4828 254 4885 242 4927 248 4962 270 5021 299 5061 305 5110 305 
164 166 4504 292 4572 291 4707 259 4754 239 
164 165 4496 293 4493 319 4493 352 4488 415 4458 452 4418 474 4365 492 
164 251 4498 286 4515 255 4539 200 4570 167 
165 167 4367 498 4387 524 4430 552 4495 558 4582 562 4632 539 
167 168 4622 542 4650 565 4686 573 4750 565 4771 552 4844 509 4869 489 4883 454 4903 425 
167 173 4621 541 4604 573 4597 690 4588 723 
173 176 4584 717 4613 769 4645 796 4707 821 4787 836 4857 837 4917 825 
172 173 4352 782 4395 781 4518 757 4583 724 
172 174 4347 784 4361 817 4385 836 4424 845 4483 872 4518 895 4581 927 4646 928 
171 172 4118 1026 4096 982 4099 940 4140 895 4191 854 4254 830 4310 803 4345 780 
131 171 3723 866 3738 888 3764 909 3816 925 3894 938 3979 956 4033 982 4084 1016 4117 1020 
129 131 3553 994 3554 970 3580 958 3627 940 3658 923 3694 892 3721 862 
129 132 3548 996 3557 1036 3599 1050 3642 1080 3714 1098 3797 1096 3850 1057 
132 171 3848 1058 3904 1066 3963 1075 4014 1077 4071 1057 4123 1026 
171 178 4121 1033 4119 1069 4115 1111 4096 1155 4071 1203 4023 1279 
132 178 3843 1058 3827 1104 3825 1126 3850 1191 3889 1239 3936 1275 3987 1285 4024 1279 
132 136 3841 1062 3817 1099 3784 1132 3734 1165 3681 1193 3648 1211 3641 1229 
133 136 3306 1328 3332 1314 3352 1291 3431 1256 3532 1229 3606 1223 3640 1222 
129 136 3549 1005 3549 1068 3558 1119 3587 1175 3642 1233 
127 133 3183 1100 3190 1141 3199 1177 3223 1225 3252 1270 3286 1299 3304 1332 
125 128 3304 720 3348 712 3396 703 3469 699 3533 690 
128 130 3537 691 3580 690 3629 681 3694 650 3731 632 3775 602 
128 131 3535 689 3574 712 3617 724 3647 738 3676 762 3698 791 3711 826 3721 857 
131 170 3722 860 3749 878 3783 892 3830 892 3881 884 3934 866 3971 847 4008 830 4051 818 
130 170 3767 604 3806 647 3838 697 3868 723 3912 753 3960 778 4001 803 4044 819 
169 170 4166 640 4157 709 4132 756 4106 781 4064 794 4043 815
163 169 4044 446 4074 485 4089 515 4113 591 4126 626 4165 649
130 163 3773 603 3855 617 3902 619 3951 608 3978 594 4001 563 4013 531 4014 496 4040 444
123 130 3722 416 3724 488 3731 533 3752 571 3771 602
123 163 3722 416 3781 455 3838 477 3885 480 3943 473 3981 471 4037 444
163 165 4038 439 4123 464 4179 468 4233 476 4270 485 4298 497 4346 493
120 122 3450 251 3462 289 3496 299 3534 280 3601 248 3645 243 3685 235 3703 221 3718 191 3758 177 3784 177 3819 179
122 162 3814 176 3855 196 3886 202 3921 214 3947 228 3981 251 4010 261 4054 269 4089 271 4152 267 4205 241
162 164 4196 245 4245 296 4288 323 4360 342 4405 345 4453 329 4492 302
159 160 3513 3152 3512 3195 3501 3232 3498 3269 3509 3319 3518 3361
157 158 3246 3164 3306 3140 3329 3120 3335 3093 3383 3060 3421 3034 3473 2996
158 159 3467 2988 3478 3029 3480 3062 3489 3089 3512 3149
149 157 3065 2976 3128 2983 3161 2996 3180 3031 3187 3069 3215 3115 3247 3158
149 151 3087 2956 3157 2926 3220 2885 3250 2871 3280 2849 3307 2817
151 158 3302 2823 3335 2845 3353 2869 3393 2907 3428 2938 3468 2988
148 151 3100 2597 3077 2635 3083 2681 3109 2733 3155 2769 3200 2803 3247 2808 3302 2821
148 150 3100 2593 3155 2583 3211 2579 3265 2579 3364 2585
150 151 3354 2584 3350 2624 3350 2648 3335 2709 3317 2760 3302 2822
159 161 3511 3147 3586 3142 3649 3130 3697 3118 3763 3108
154 158 3714 2772 3713 2800 3646 2853 3549 2915 3524 2954 3468 2988
161 205 3753 3108 3874 3097 3986 3091 4066 3085 4194 3058
156 205 3990 2955 4009 2977 4056 3003 4083 3026 4118 3040 4186 3059
154 155 3714 2770 3733 2790 3775 2807 3806 2818 3851 2813 3884 2806 3967 2781
155 156 3958 2783 3978 2818 3995 2867 3998 2893 3989 2920 3989 2953
205 207 4189 3058 4237 3082 4279 3108 4322 3121 4351 3136 4422 3156
206 207 4133 3233 4145 3249 4175 3270 4265 3227 4308 3216 4356 3203 4421 3157
200 205 4309 2806 4246 2844 4223 2875 4197 2924 4181 2965 4176 2997 4188 3058
200 202 4309 2804 4348 2796 4378 2824 4410 2855 4452 2887 4478 2911 4527 2960
202 207 4520 2953 4540 2989 4544 3018 4542 3052 4524 3078 4493 3101 4475 3128 4422 3157
207 208 4420 3157 4426 3224 4434 3273 4444 3314 4454 3361 4483 3380
207 210 4421 3155 4478 3204 4535 3211 4584 3222 4635 3229 4673 3231 4743 3238
208 210 4475 3374 4502 3391 4541 3397 4582 3381 4636 3364 4657 3351 4685 3323 4733 3236
210 211 4733 3236 4768 3285 4781 3323 4787 3361 4784 3412 4770 3460 4781 3489
210 212 4733 3235 4803 3249 4841 3254 4873 3252 4924 3227 4983 3195
209 210 4891 2981 4872 3033 4850 3075 4824 3120 4798 3158 4770 3198 4733 3234
209 246 4890 2979 4929 3046 4965 3093 5022 3132 5067 3161 5125 3179 5195 3185
212 246 4974 3198 5003 3197 5057 3199 5101 3197 5136 3202 5185 3185
246 252 5183 3183 5224 3202 5253 3232 5228 3293 5214 3313 5187 3342 5169 3395
246 248 5187 3184 5250 3178 5319 3164 5356 3163 5407 3175 5475 3195 5521 3226 5545 3261 5593 3285 5641 3311
246 247 5189 3183 5238 3167 5289 3151 5321 3124 5339 3097 5366 3076 5406 3021
248 249 5632 3306 5642 3259 5680 3157 5704 3071 5711 3014 5756 3036 5824 3000 5849 3019
247 249 5400 3026 5441 3012 5497 2996 5550 2997 5601 3022 5700 3010 5746 3029 5778 3026 5813 3009 5842 3016
245 249 5562 2902 5591 2909 5620 2929 5652 2966 5707 3002 5755 3028 5784 3019 5811 3009 5838 3013
245 247 5557 2901 5532 2925 5492 2933 5450 2981 5436 3001 5399 3025
243 245 5357 2730 5392 2750 5425 2780 5473 2837 5511 2877 5529 2896 5557 2903
244 245 5646 2677 5640 2708 5620 2752 5588 2814 5562 2866 5557 2903
242 244 5332 2496 5371 2483 5414 2481 5458 2486 5494 2497 5533 2529 5586 2555 5616 2598 5637 2648 5646 2677
239 242 5042 2496 5069 2519 5093 2541 5127 2547 5176 2548 5214 2554 5256 2538 5331 2496
239 240 5041 2495 5039 2527 5027 2570 5010 2603 4982 2653 4973 2689 4971 2708
240 243 4972 2700 5014 2693 5055 2665 5102 2653 5149 2652 5193 2647 5265 2669 5295 2691 5307 2710 5357 2729
240 241 4971 2699 4940 2729 4871 2775 4963 2817 5024 2845 5037 2874
204 241 4751 2831 4789 2835 4816 2844 4891 2882 4962 2918 5004 2892 5032 2864
204 209 4749 2831 4759 2855 4787 2891 4819 2930 4844 2959 4871 2969 4889 2978
201 202 4569 2683 4564 2730 4579 2773 4567 2822 4560 2876 4543 2923 4504 2953
201 204 4573 2679 4589 2707 4606 2736 4641 2761 4682 2800 4732 2824 4748 2831
201 240 4572 2676 4615 2690 4689 2695 4759 2698 4850 2702 4970 2697
201 203 4572 2676 4614 2665 4675 2629 4721 2609 4746 2587 4770 2546 4797 2511
203 239 4791 2517 4833 2504 4897 2512 4958 2515 5008 2509 5041 2494
237 242 5531 2109 5528 2159 5509 2209 5468 2289 5427 2363 5376 2449 5328 2497
237 238 5531 2105 5566 2142 5599 2160 5627 2197 5660 2232 5690 2271 5717 2294
236 237 5590 1880 5584 1904 5580 1943 5586 2002 5580 2044 5567 2082 5529 2103
236 238 5589 1878 5606 1897 5645 1923 5688 1953 5734 2004 5759 2049 5769 2098 5774 2157 5763 2208 5742 2260 5717 2293
233 237 5152 2072 5181 2075 5239 2087 5309 2095 5381 2108 5446 2114 5531 2102
233 234 5149 2071 5125 2093 5111 2133 5084 2180 5052 2237 5058 2267
234 239 5056 2258 5057 2297 5053 2335 5050 2385 5044 2437 5040 2493
197 234 4772 2271 4809 2273 4888 2274 4949 2275 5001 2272 5057 2264
197 203 4771 2271 4762 2292 4744 2339 4740 2371 4746 2411 4762 2449 4767 2483 4790 2516
199 201 4311 2609 4344 2623 4379 2623 4425 2641 4473 2660 4514 2670 4572 2676
199 200 4309 2609 4298 2644 4291 2688 4295 2721 4311 2756 4320 2780 4312 2802
193 199 4342 2405 4361 2454 4357 2496 4354 2524 4345 2547 4346 2581 4333 2604 4297 2618
195 197 4519 2206 4555 2230 4584 2239 4612 2261 4660 2270 4703 2273 4734 2280 4770 2269
193 195 4346 2386 4374 2368 4400 2319 4430 2263 4465 2237 4497 2217 4517 2205
192 195 4392 2122 4382 2144 4375 2171 4397 2186 4445 2207 4485 2193 4517 2207
155 198 3960 2782 3984 2767 4023 2717 4058 2666 4078 2624 4090 2603 4085 2584
198 199 4086 2592 4142 2598 4191 2602 4248 2600 4307 2608
153 154 3854 2646 3824 2660 3803 2683 3786 2718 3742 2746 3713 2767
153 198 3857 2644 3894 2636 3939 2628 3980 2624 4021 2612 4057 2590 4084 2588
152 153 3845 2502 3848 2532 3851 2562 3849 2601 3853 2646
150 152 3352 2585 3394 2603 3446 2605 3542 2590 3643 2573 3726 2555 3793 2538 3844 2502
193 198 4345 2384 4296 2391 4250 2402 4192 2432 4142 2464 4100 2508 4081 2546 4085 2590
141 148 3228 2346 3212 2370 3199 2411 3167 2457 3136 2515 3107 2562 3101 2591
141 150 3229 2343 3235 2374 3243 2405 3268 2441 3298 2490 3331 2542 3354 2584
147 150 3556 2341 3531 2367 3520 2401 3492 2443 3454 2499 3409 2563 3355 2583
147 152 3556 2339 3573 2362 3584 2400 3619 2448 3672 2482 3719 2504 3782 2505 3844 2500
146 152 3814 2330 3823 2356 3831 2387 3837 2425 3831 2467 3843 2501
152 190 3843 2500 3867 2483 3930 2460 3962 2430 3997 2394 4026 2342 4035 2297 4029 2258 4035 2250
190 193 4032 2255 4059 2266 4086 2307 4122 2335 4163 2353 4209 2373 4249 2381 4296 2377 4345 2383
232 233 5085 1875 5089 1910 5088 1953 5075 1996 5076 2044 5112 2063 5148 2072
196 233 4865 2015 4895 2037 4931 2048 4983 2038 5032 2041 5074 2050 5115 2069 5144 2068
195 196 4514 2205 4548 2190 4574 2159 4650 2091 4675 2076 4728 2079 4772 2089 4818 2068 4838 2039 4873 2020
194 195 4610 1956 4631 1983 4661 1998 4674 2028 4668 2077 4577 2156 4553 2184 4512 2203
191 194 4314 1820 4346 1858 4367 1911 4434 1936 4489 1951 4548 1957 4609 1952
179 191 4075 1772 4083 1780 4139 1777 4200 1781 4254 1797 4312 1817
145 179 4025 1980 3997 1956 3992 1916 4005 1871 4024 1838 4057 1800 4074 1767
145 193 4026 1981 4023 2010 4016 2032 4149 2162 4184 2183 4229 2242 4271 2293 4310 2344 4346 2384
144 145 3726 2070 3744 2089 3792 2105 3841 2110 3873 2101 3901 2071 3923 2026 3950 2005 3986 1997 4024 1980
144 190 3725 2069 3738 2088 3769 2106 3803 2143 3838 2178 3891 2196 3928 2205 4008 2243 4032 2254
142 144 3612 1881 3646 1911 3661 1938 3666 1975 3666 2007 3681 2044 3722 2066
142 143 3668 1912 3689 1872 3707 1835 3708 1788 3686 1755 3629 1721
105 139 2981 1828 3017 1840 3076 1855 3126 1868 3173 1878 3230 1883 3263 1885 3289 1870
106 140 2823 2126 2892 2136 2954 2126 3023 2101 3064 2085 3125 2049
189 232 4897 1793 4904 1809 4904 1827 4926 1843 4954 1854 5016 1853 5052 1860 5084 1876
189 196 4895 1794 4845 1819 4821 1869 4818 1921 4821 1968 4837 1999 4866 2014
27 29 432 3155 434 3244 555 3317 594 3398
25 27 447 2939 471 3075 426 3159
24 25 520 2684 449 2769 476 2874 448 2942
22 24 550 2458 614 2517 581 2599 516 2687
24 250 514 2695 445 2698 393 2690 350 2667 311 2615
21 22 420 2276 513 2330 565 2397 555 2461
17 21 239 1946 189 2039 240 2140 360 2193 419 2276
16 17 540 1843 457 1906 343 1921 238 1952
16 20 549 1840 622 1901 669 1988 704 2081
18 20 912 1911 782 2005 712 2080
18 54 910 1910 1030 1939 1084 1986 1098 2049
54 58 1099 2043 1161 2002 1204 1981 1267 1964 1330 1951 1391 1950 1458 1936 1542 1916 1605 1890
56 144 3447 2052 3505 2033 3551 2025 3591 2021 3655 2042 3716 2065
53 58 1836 1728 1732 1774 1678 1834 1610 1891
53 60 1844 1730 1845 1795 1850 1860 1842 1944
60 99 1845 1947 1981 1934 2126 1947
99 102 2121 1948 2123 2021 2189 2081 2311 2123
101 102 2369 1947 2358 2037 2310 2122
97 101 2463 1670 2385 1744 2355 1835 2372 1944
97 103 2458 1672 2447 1758 2495 1828 2552 1855 2624 1875 2654 1932
103 105 2665 1926 2804 1920 2876 1895 2961 1829
103 106 2660 1931 2715 2026 2779 2095 2878 2129
104 106 2515 2113 2630 2159 2774 2165 2878 2134
109 111 2686 2745 2772 2815 2764 2922
111 149 2768 2920 2930 3000 3066 2974
118 149 2804 3382 2923 3285 3012 3073 3071 2982
29 30 599 3396 672 3334 757 3258
28 30 796 3055 793 3165 750 3257
26 28 743 2831 730 2904 786 2980 795 3059
24 26 517 2694 553 2784 736 2834
22 23 562 2467 643 2446 736 2470 854 2510
19 21 409 2074 520 2185 426 2281
17 19 242 1957 292 2043 395 2071
16 19 541 1850 480 1972 407 2071
19 20 417 2068 609 2034 698 2086
20 21 708 2093 563 2137 432 2278
20 54 725 2100 908 2053 1091 2044 
54 55 1088 2047 1036 2157 1094 2237 1146 2302 1148 2383
54 57 1094 2045 1233 2055 1310 2128
56 140 3447 2051 3376 2076 3321 2079 3275 2078 3232 2063 3125 2050
55 57 1162 2384 1309 2259 1315 2121
23 55 857 2510 1055 2495 1152 2387 
23 62 858 2513 1006 2581 1050 2650 1074 2731 1096 2783
26 62 746 2842 832 2889 1099 2782
28 71 790 3064 784 3185 885 3220 949 3244 1032 3281
30 71 749 3257 893 3287 1020 3279
71 73 1030 3277 1186 3234 1320 3260 1455 3225
73 75 1453 3230 1595 3284 1603 3388
74 75 1707 3219 1708 3279 1646 3309 1605 3380
73 74 1449 3223 1535 3210 1627 3257 1696 3223
67 74 1688 2973 1595 3142 1681 3218
67 73 1678 2976 1495 3077 1455 3222
72 73 1397 3040 1478 3097 1488 3211
67 72 1678 2978 1579 3004 1466 2993 1389 3035
62 72 1107 2785 1178 2856 1321 2925 1387 3035
55 63 1163 2386 1238 2483 1405 2571
62 63 1109 2779 1401 2638 1411 2573
62 64 1109 2786 1212 2833 1302 2798 1408 2834
64 72 1413 2841 1354 2935 1386 3023
63 64 1422 2584 1477 2655 1397 2820
64 66 1414 2835 1598 2810 1665 2740
66 67 1672 2754 1659 2857 1712 2962
58 60 1605 1909 1697 1957 1831 1946
60 61 1834 1949 1838 2019 1729 2093
59 61 1537 2157 1608 2092 1728 2094
57 59 1335 2103 1440 2108 1528 2150
61 102 1732 2086 2034 1957 2308 2126
59 65 1541 2168 1711 2281 1711 2451
61 68 1724 2096 1921 2249 1904 2427
65 68 1719 2439 1783 2469 1951 2427
102 104 2315 2130 2437 2092 2520 2111
100 102 2192 2358 2212 2277 2319 2227 2322 2139
68 100 1950 2424 2106 2422 2184 2351
68 69 1962 2456 1855 2510 1820 2625
66 69 1668 2739 1803 2692 1816 2626
66 70 1681 2750 1789 2726 1896 2808 1997 2850
67 70 1675 2967 1757 2964 1808 2933 1855 2895 1918 2867 1967 2854 2028 2869
70 112 2009 2857 2103 2981 2079 3095
109 110 2685 2749 2601 2825 2512 2874
108 110 2315 2766 2391 2807 2509 2808 2517 2870
107 110 2209 2921 2390 2978 2516 2869
107 108 2214 2915 2287 2849 2317 2769
70 107 2002 2852 2076 2893 2208 2917
110 113 2520 2874 2547 2955 2500 3032
113 114 2496 3029 2368 3042 2303 3084 2258 3156 2276 3201
112 114 2073 3111 2178 3167 2307 3195
112 115 2072 3117 2161 3223 2201 3345 2267 3414
114 115 2323 3216 2228 3290 2263 3412
114 116 2333 3212 2436 3239 2515 3287
115 116 2270 3408 2433 3381 2526 3287
111 113 2752 2935 2621 2969 2512 3032
111 117 2781 2953 2766 3004 2721 3105 2708 3193
113 117 2515 3041 2621 3101 2708 3182
116 117 2530 3289 2613 3223 2705 3203
117 118 2722 3196 2816 3281 2779 3368
116 118 2524 3289 2700 3281 2783 3378
139 140 3289 1872 3274 1944 3243 2000 3202 2028 3127 2056 
139 143 3287 1871 3401 1899 3459 1890 3503 1878 3546 1841 3577 1801 3627 1720
131 132 3715 868 3721 918 3728 955 3756 995 3790 1025 3852 1065
153 155 3845 2653 3883 2685 3894 2718 3916 2754 3945 2773 3960 2793
144 146 3723 2071 3749 2116 3747 2155 3756 2195 3810 2247 3843 2290 3815 2329
188 227 4796 1464 4858 1504 4914 1513 4967 1484 5013 1446 5065 1419 5131 1416 5183 1441 5259 1455